surface geometry

507 points
507 lines

Points

1 3.0609938 -0.41981833
2 3.0556309 -0.42839573
3 3.0501599 -0.43690463
4 3.0445818 -0.44534367
5 3.0388975 -0.45371149999999993
6 3.0331077 -0.46200678999999995
7 3.0272136 -0.47022820000000004
8 3.0172136 -0.47022820000000004
9 3.0072136 -0.47022820000000004
10 2.9972136 -0.47022820000000004
11 2.9872136 -0.47022820000000004
12 2.9772136 -0.47022820000000004
13 2.9672136 -0.47022820000000004
14 2.9572136 -0.47022820000000004
15 2.8572136 -0.47022820000000004
16 2.8630714 -0.46205815999999994
17 2.8688261 -0.45381516
18 2.8744767 -0.44550049
19 2.8800224 -0.43711548
20 2.8854623 -0.42866144
21 2.8907956 -0.4201397
22 2.8960213 -0.41155163
23 2.9011387 -0.40289856
24 2.9061470000000003 -0.39418187
25 2.9110453 -0.38540294
26 2.915833 -0.37656315
27 2.9205092 -0.36766389
28 2.9250731 -0.35870657
29 2.9295242000000004 -0.34969261
30 2.9338616 -0.34062343
31 2.9380848 -0.33150046
32 2.9421929 -0.32232515
33 2.9461855000000003 -0.31309893
34 2.9500618000000003 -0.30382328
35 2.9538212 -0.29449964
36 2.9574632000000003 -0.2851295
37 2.9609871 -0.27571434
38 2.9643924 -0.26625564
39 2.9676786 -0.25675489
40 2.9708452000000003 -0.2472136
41 2.9738916 -0.23763327
42 2.9768174000000003 -0.22801541
43 2.9796221000000003 -0.21836155
44 2.9823053 -0.20867321
45 2.9848665000000003 -0.19895191
46 2.9873054000000003 -0.1891992
47 2.9896215 -0.17941661
48 2.9918145000000003 -0.16960569
49 2.993884 -0.15976798
50 2.9958298 -0.14990505
51 2.9976515000000004 -0.14001845
52 2.9993488 -0.13010973
53 3.0009214 -0.12018047000000001
54 3.0023691 -0.11023223
55 3.0036918000000004 -0.10026659
56 3.004889 -0.090285108
57 3.0059608 -0.080289372
58 3.0069069 -0.070280957
59 3.0077271000000003 -0.06026144399999999
60 3.0084214 -0.050232416
61 3.0089896 -0.040195455
62 3.0094316 -0.030152145999999998
63 3.0097474 -0.020104076
64 3.0099368 -0.010052832
65 3.0100000000000002 0.0
66 3.0099368 0.010052832
67 3.0097474 0.020104076
68 3.0094316 0.030152145999999998
69 3.0089896 0.040195455
70 3.0084214 0.050232416
71 3.0077271000000003 0.06026144399999999
72 3.0069069 0.070280957
73 3.0059608 0.080289372
74 3.004889 0.090285108
75 3.0036918000000004 0.10026659
76 3.0023691 0.11023223
77 3.0009214 0.12018047000000001
78 2.9993488 0.13010973
79 2.9976515000000004 0.14001845
80 2.9958298 0.14990505
81 2.993884 0.15976798
82 2.9918145000000003 0.16960569
83 2.9896215 0.17941661
84 2.9873054000000003 0.1891992
85 2.9848665000000003 0.19895191
86 2.9823053 0.20867321
87 2.9796221000000003 0.21836155
88 2.9768174000000003 0.22801541
89 2.9738916 0.23763327
90 2.9708452000000003 0.2472136
91 2.9676786 0.25675489
92 2.9643924 0.26625564
93 2.9609871 0.27571434
94 2.9574632000000003 0.2851295
95 2.9538212 0.29449964
96 2.9500618000000003 0.30382328
97 2.9461855000000003 0.31309893
98 2.9421929 0.32232515
99 2.9380848 0.33150046
100 2.9338616 0.34062343
101 2.9295242000000004 0.34969261
102 2.9250731 0.35870657
103 2.9205092 0.36766389
104 2.915833 0.37656315
105 2.9110453 0.38540294
106 2.9061470000000003 0.39418187
107 2.9011387 0.40289856
108 2.8960213 0.41155163
109 2.8907956 0.4201397
110 2.8854623 0.42866144
111 2.8800224 0.43711548
112 2.8744767 0.44550049
113 2.8688261 0.45381516
114 2.8630714 0.46205815999999994
115 2.9472136 0.47022820000000004
116 2.9572136 0.47022820000000004
117 2.9672136 0.47022820000000004
118 2.9772136 0.47022820000000004
119 2.9872136 0.47022820000000004
120 2.9972136 0.47022820000000004
121 3.0072136 0.47022820000000004
122 3.0172136 0.47022820000000004
123 3.0272136 0.47022820000000004
124 3.0331077 0.46200678999999995
125 3.0388975 0.45371149999999993
126 3.0445818 0.44534367
127 3.0501599 0.43690463
128 3.0556309 0.42839573
129 3.0609938 0.41981833
130 3.0662478 0.41117381
131 3.1984692 0.40497605
132 3.1937845 0.4138376
133 3.1889987 0.42264496
134 3.1841124 0.43139698
135 3.1791263 0.44009253
136 3.174041 0.44873044999999995
137 3.1688572 0.45730961
138 3.1635756 0.46582889999999993
139 3.1581969 0.4742872
140 3.1527217 0.4826834
141 3.1471508 0.4910164000000001
142 3.1414849 0.4992851200000001
143 3.1357248 0.50748846
144 3.1298712 0.51562535
145 3.1239249 0.52369473
146 3.1178866 0.53169555
147 3.1117572 0.53962674
148 3.1055375 0.54748729
149 3.0992282 0.55527615
150 3.0928301 0.56299231
151 3.0863443 0.57063475
152 3.0797713 0.57820248
153 3.0731123 0.58569451
154 3.0663679 0.59310985
155 3.0595391 0.60044753
156 3.0526269 0.60770659
157 3.045632 0.61488609
158 3.0385554 0.62198508
159 3.031398 0.62900263
160 3.0241609 0.63593783
161 3.0168448 0.64278976
162 3.0094508 0.64955753
163 3.0019799 0.65624025
164 2.994433 0.66283705
165 2.9868111 0.66934707
166 2.9791152 0.67576944
167 2.9713463 0.68210334
168 2.9635054 0.68834792
169 2.9555937 0.69450238
170 2.947612 0.70056591
171 2.9395614 0.70653771
172 2.9314431 0.71241701
173 2.923258 0.71820302
174 2.9150072 0.723895
175 2.9066919 0.7294922
176 2.898313 0.73499389
177 2.8898718 0.74039934
178 2.8813692 0.74570785
179 2.8728065 0.75091873
180 2.8641847 0.75603128
181 2.855505 0.76104485
182 2.8467684 0.76595877
183 2.8379762 0.77077241
184 2.8291295 0.77548512
185 2.8202295 0.7800963
186 2.8112773 0.78460535
187 2.802274 0.78901166
188 2.766 0.7492
189 2.7556667 0.7492
190 2.7453333 0.7492
191 2.735 0.7492
192 2.7246667 0.7492
193 2.7143333 0.7492
194 2.704 0.7492
195 2.6936667 0.7492
196 2.6833333 0.7492
197 2.673 0.7492
198 2.6626667 0.7492
199 2.6523333 0.7492
200 2.642 0.7492
201 2.6316667 0.7492
202 2.6213333 0.7492
203 2.611 0.7492
204 2.6006667 0.7492
205 2.5903333 0.7492
206 2.58 0.7492
207 2.5696667 0.7492
208 2.5593333 0.7492
209 2.549 0.7492
210 2.5386667 0.7492
211 2.5283333 0.7492
212 2.518 0.7492
213 2.5076667 0.7492
214 2.4973333 0.7492
215 2.487 0.7492
216 2.4766667 0.7492
217 2.4663333 0.7492
218 2.456 0.7492
219 2.4446 0.7986
220 2.4323 0.7936
221 2.4199 0.7886
222 2.4076 0.7836
223 2.3952 0.7787
224 2.3829 0.7737
225 2.3705 0.7687
226 2.3582 0.7637
227 2.3458 0.7587
228 2.3335 0.7537
229 2.3211 0.7487
230 2.3088 0.7437
231 2.2965 0.7388
232 2.2841 0.7338
233 2.2718 0.7288
234 2.2594 0.7238
235 2.2471 0.7188
236 2.2347 0.7138
237 2.2224 0.7088
238 2.21 0.7039
239 2.1977 0.6989
240 2.1853 0.6939
241 2.173 0.6889
242 2.1607 0.6839
243 2.1483 0.6789
244 2.136 0.6739
245 2.1236 0.6689
246 2.1113 0.664
247 2.0989 0.659
248 2.0866 0.654
249 2.0742 0.649
250 2.0619 0.644
251 2.0495 0.639
252 2.0372 0.634
253 2.0249 0.6291
254 2.0125 0.6241
255 2.0002 0.6191
256 1.9878 0.6141
257 1.9755 0.6091
258 1.9631 0.6041
259 1.9508 0.5991
260 1.9384 0.5941
261 1.9261 0.5892
262 1.9137 0.5842
263 1.9014 0.5792
264 1.8966603 0.555
265 1.8944423 0.545163
266 1.892264 0.53531715
267 1.8901254 0.52546258
268 1.8880265 0.51559948
269 1.8859675 0.50572799
270 1.8839482 0.49584828
271 1.8819688 0.48596051
272 1.8800293 0.47606483999999993
273 1.8781297 0.46616143
274 1.8762701 0.45625044
275 1.8744504 0.44633203
276 1.8726708 0.43640637
277 1.8709311 0.42647361
278 1.8692316 0.41653391
279 1.8675721 0.40658745
280 1.8659527 0.39663437
281 1.8643735 0.38667485
282 1.8628345 0.37670903
283 1.8613357 0.3667371
284 1.8598771 0.3567592
285 1.8584587 0.3467755
286 1.8570806 0.33678617
287 1.8557428 0.32679136
288 1.8544453 0.31679123
289 1.8531881 0.30678596
290 1.8519713 0.29677569
291 1.8507948 0.28676061
292 1.8496587 0.27674086
293 1.8485631 0.26671661
294 1.8475079 0.25668802
295 1.8464931 0.24665526
296 1.8455188 0.23661849
297 1.844585 0.22657788
298 1.8436916 0.21653358
299 1.8428388 0.20648576
300 1.8420265 0.19643458
301 1.8412547 0.18638021
302 1.8405235 0.17632281
303 1.8398328 0.16626254
304 1.8391827 0.15619957
305 1.8385731 0.14613406
306 1.8380042 0.13606618
307 1.8374759 0.12599608
308 1.8369881 0.11592393
309 1.836541 0.1058499
310 1.8361346 0.095774148
311 1.8357687 0.085696839
312 1.8354435 0.075618137
313 1.8351589 0.065538205
314 1.834915 0.055457206999999994
315 1.8347117 0.045375308
316 1.834549 0.035292671
317 1.8344271 0.025209461
318 1.8343457 0.01512584
319 1.8343051 0.0050419742
320 1.8343051 -0.0050419742
321 1.8343457 -0.01512584
322 1.8344271 -0.025209461
323 1.834549 -0.035292671
324 1.8347117 -0.045375308
325 1.834915 -0.055457206999999994
326 1.8351589 -0.065538205
327 1.8354435 -0.075618137
328 1.8357687 -0.085696839
329 1.8361346 -0.095774148
330 1.836541 -0.1058499
331 1.8369881 -0.11592393
332 1.8374759 -0.12599608
333 1.8380042 -0.13606618
334 1.8385731 -0.14613406
335 1.8391827 -0.15619957
336 1.8398328 -0.16626254
337 1.8405235 -0.17632281
338 1.8412547 -0.18638021
339 1.8420265 -0.19643458
340 1.8428388 -0.20648576
341 1.8436916 -0.21653358
342 1.844585 -0.22657788
343 1.8455188 -0.23661849
344 1.8464931 -0.24665526
345 1.8475079 -0.25668802
346 1.8485631 -0.26671661
347 1.8496587 -0.27674086
348 1.8507948 -0.28676061
349 1.8519713 -0.29677569
350 1.8531881 -0.30678596
351 1.8544453 -0.31679123
352 1.8557428 -0.32679136
353 1.8570806 -0.33678617
354 1.8584587 -0.3467755
355 1.8598771 -0.3567592
356 1.8613357 -0.3667371
357 1.8628345 -0.37670903
358 1.8643735 -0.38667485
359 1.8659527 -0.39663437
360 1.8675721 -0.40658745
361 1.8692316 -0.41653391
362 1.8709311 -0.42647361
363 1.8726708 -0.43640637
364 1.8744504 -0.44633203
365 1.8762701 -0.45625044
366 1.8781297 -0.46616143
367 1.8800293 -0.47606483999999993
368 1.8819688 -0.48596051
369 1.8839482 -0.49584828
370 1.8859675 -0.50572799
371 1.8880265 -0.51559948
372 1.8901254 -0.52546258
373 1.892264 -0.53531715
374 1.8944423 -0.545163
375 1.8966603 -0.555
376 1.9091 -0.5798
377 1.9185 -0.5836
378 1.928 -0.5874
379 1.9374 -0.5912
380 1.9468 -0.595
381 1.9562 -0.5988
382 1.9657 -0.6026
383 1.9751 -0.6064
384 1.9845 -0.6102
385 1.994 -0.614
386 2.0034 -0.6178
387 2.0128 -0.6216
388 2.0222 -0.6254
389 2.0317 -0.6292
390 2.0411 -0.633
391 2.0505 -0.6368
392 2.0599 -0.6406
393 2.0694 -0.6444
394 2.0788 -0.6482
395 2.0882 -0.652
396 2.0977 -0.6558
397 2.1071 -0.6596
398 2.1165 -0.6634
399 2.1259 -0.6672
400 2.1354 -0.671
401 2.1448 -0.6748
402 2.1542 -0.6786
403 2.1637 -0.6824
404 2.1731 -0.6862
405 2.1825 -0.69
406 2.1919 -0.6938
407 2.2014 -0.6976
408 2.2108 -0.7014
409 2.2202 -0.7052
410 2.2297 -0.709
411 2.2391 -0.7128
412 2.2485 -0.7166
413 2.2579 -0.7204
414 2.2674 -0.7242
415 2.2768 -0.728
416 2.2862 -0.7318
417 2.2957 -0.7356
418 2.3051 -0.7394
419 2.3145 -0.7432
420 2.3239 -0.747
421 2.3334 -0.7508
422 2.3428 -0.7546
423 2.3522 -0.7584
424 2.3616 -0.7622
425 2.3711 -0.766
426 2.3805 -0.7698
427 2.446 -0.7964
428 2.446 -0.94
429 2.58 -0.94
430 2.58 -0.8594
431 2.58 -0.8394
432 2.59 -0.8394
433 2.59 -0.7304
434 2.472 -0.7304
435 2.462 -0.7134
436 2.462 -0.6934
437 2.39 -0.6934
438 2.381 -0.6844
439 2.39 -0.6754
440 2.786 -0.6754
441 2.786 -0.6934
442 2.75 -0.6934
443 2.75 -0.7084
444 2.698 -0.7084
445 2.695 -0.7304
446 2.66 -0.7304
447 2.66 -0.8394
448 2.67 -0.8394
449 2.67 -0.8594
450 2.67 -0.9056
451 2.799 -0.8623
452 2.802274 -0.78901166
453 2.8112773 -0.78460535
454 2.8202295 -0.7800963
455 2.8291295 -0.77548512
456 2.8379762 -0.77077241
457 2.8467684 -0.76595877
458 2.855505 -0.76104485
459 2.8641847 -0.75603128
460 2.8728065 -0.75091873
461 2.8813692 -0.74570785
462 2.8898718 -0.74039934
463 2.898313 -0.73499389
464 2.9066919 -0.7294922
465 2.9150072 -0.723895
466 2.923258 -0.71820302
467 2.9314431 -0.71241701
468 2.9395614 -0.70653771
469 2.947612 -0.70056591
470 2.9555937 -0.69450238
471 2.9635054 -0.68834792
472 2.9713463 -0.68210334
473 2.9791152 -0.67576944
474 2.9868111 -0.66934707
475 2.994433 -0.66283705
476 3.0019799 -0.65624025
477 3.0094508 -0.64955753
478 3.0168448 -0.64278976
479 3.0241609 -0.63593783
480 3.031398 -0.62900263
481 3.0385554 -0.62198508
482 3.045632 -0.61488609
483 3.0526269 -0.60770659
484 3.0595391 -0.60044753
485 3.0663679 -0.59310985
486 3.0731123 -0.58569451
487 3.0797713 -0.57820248
488 3.0863443 -0.57063475
489 3.0928301 -0.56299231
490 3.0992282 -0.55527615
491 3.1055375 -0.54748729
492 3.1117572 -0.53962674
493 3.1178866 -0.53169555
494 3.1239249 -0.52369473
495 3.1298712 -0.51562535
496 3.1357248 -0.50748846
497 3.1414849 -0.49928511
498 3.1471508 -0.4910164
499 3.1527217 -0.4826834
500 3.1581969 -0.4742872
501 3.1635756 -0.46582889
502 3.1688572 -0.45730961
503 3.174041 -0.448730449
504 3.1791263 -0.44009253
505 3.1841124 -0.43139698
506 3.1889987 -0.42264496
507 3.1937845 -0.4138376

Lines

1 1 2
2 2 3
3 3 4
4 4 5
5 5 6
6 6 7
7 7 8
8 8 9
9 9 10
10 10 11
11 11 12
12 12 13
13 13 14
14 14 15
15 15 16
16 16 17
17 17 18
18 18 19
19 19 20
20 20 21
21 21 22
22 22 23
23 23 24
24 24 25
25 25 26
26 26 27
27 27 28
28 28 29
29 29 30
30 30 31
31 31 32
32 32 33
33 33 34
34 34 35
35 35 36
36 36 37
37 37 38
38 38 39
39 39 40
40 40 41
41 41 42
42 42 43
43 43 44
44 44 45
45 45 46
46 46 47
47 47 48
48 48 49
49 49 50
50 50 51
51 51 52
52 52 53
53 53 54
54 54 55
55 55 56
56 56 57
57 57 58
58 58 59
59 59 60
60 60 61
61 61 62
62 62 63
63 63 64
64 64 65
65 65 66
66 66 67
67 67 68
68 68 69
69 69 70
70 70 71
71 71 72
72 72 73
73 73 74
74 74 75
75 75 76
76 76 77
77 77 78
78 78 79
79 79 80
80 80 81
81 81 82
82 82 83
83 83 84
84 84 85
85 85 86
86 86 87
87 87 88
88 88 89
89 89 90
90 90 91
91 91 92
92 92 93
93 93 94
94 94 95
95 95 96
96 96 97
97 97 98
98 98 99
99 99 100
100 100 101
101 101 102
102 102 103
103 103 104
104 104 105
105 105 106
106 106 107
107 107 108
108 108 109
109 109 110
110 110 111
111 111 112
112 112 113
113 113 114
114 114 115
115 115 116
116 116 117
117 117 118
118 118 119
119 119 120
120 120 121
121 121 122
122 122 123
123 123 124
124 124 125
125 125 126
126 126 127
127 127 128
128 128 129
129 129 130
130 130 131
131 131 132
132 132 133
133 133 134
134 134 135
135 135 136
136 136 137
137 137 138
138 138 139
139 139 140
140 140 141
141 141 142
142 142 143
143 143 144
144 144 145
145 145 146
146 146 147
147 147 148
148 148 149
149 149 150
150 150 151
151 151 152
152 152 153
153 153 154
154 154 155
155 155 156
156 156 157
157 157 158
158 158 159
159 159 160
160 160 161
161 161 162
162 162 163
163 163 164
164 164 165
165 165 166
166 166 167
167 167 168
168 168 169
169 169 170
170 170 171
171 171 172
172 172 173
173 173 174
174 174 175
175 175 176
176 176 177
177 177 178
178 178 179
179 179 180
180 180 181
181 181 182
182 182 183
183 183 184
184 184 185
185 185 186
186 186 187
187 187 188
188 188 189
189 189 190
190 190 191
191 191 192
192 192 193
193 193 194
194 194 195
195 195 196
196 196 197
197 197 198
198 198 199
199 199 200
200 200 201
201 201 202
202 202 203
203 203 204
204 204 205
205 205 206
206 206 207
207 207 208
208 208 209
209 209 210
210 210 211
211 211 212
212 212 213
213 213 214
214 214 215
215 215 216
216 216 217
217 217 218
218 218 219
219 219 220
220 220 221
221 221 222
222 222 223
223 223 224
224 224 225
225 225 226
226 226 227
227 227 228
228 228 229
229 229 230
230 230 231
231 231 232
232 232 233
233 233 234
234 234 235
235 235 236
236 236 237
237 237 238
238 238 239
239 239 240
240 240 241
241 241 242
242 242 243
243 243 244
244 244 245
245 245 246
246 246 247
247 247 248
248 248 249
249 249 250
250 250 251
251 251 252
252 252 253
253 253 254
254 254 255
255 255 256
256 256 257
257 257 258
258 258 259
259 259 260
260 260 261
261 261 262
262 262 263
263 263 264
264 264 265
265 265 266
266 266 267
267 267 268
268 268 269
269 269 270
270 270 271
271 271 272
272 272 273
273 273 274
274 274 275
275 275 276
276 276 277
277 277 278
278 278 279
279 279 280
280 280 281
281 281 282
282 282 283
283 283 284
284 284 285
285 285 286
286 286 287
287 287 288
288 288 289
289 289 290
290 290 291
291 291 292
292 292 293
293 293 294
294 294 295
295 295 296
296 296 297
297 297 298
298 298 299
299 299 300
300 300 301
301 301 302
302 302 303
303 303 304
304 304 305
305 305 306
306 306 307
307 307 308
308 308 309
309 309 310
310 310 311
311 311 312
312 312 313
313 313 314
314 314 315
315 315 316
316 316 317
317 317 318
318 318 319
319 319 320
320 320 321
321 321 322
322 322 323
323 323 324
324 324 325
325 325 326
326 326 327
327 327 328
328 328 329
329 329 330
330 330 331
331 331 332
332 332 333
333 333 334
334 334 335
335 335 336
336 336 337
337 337 338
338 338 339
339 339 340
340 340 341
341 341 342
342 342 343
343 343 344
344 344 345
345 345 346
346 346 347
347 347 348
348 348 349
349 349 350
350 350 351
351 351 352
352 352 353
353 353 354
354 354 355
355 355 356
356 356 357
357 357 358
358 358 359
359 359 360
360 360 361
361 361 362
362 362 363
363 363 364
364 364 365
365 365 366
366 366 367
367 367 368
368 368 369
369 369 370
370 370 371
371 371 372
372 372 373
373 373 374
374 374 375
375 375 376
376 376 377
377 377 378
378 378 379
379 379 380
380 380 381
381 381 382
382 382 383
383 383 384
384 384 385
385 385 386
386 386 387
387 387 388
388 388 389
389 389 390
390 390 391
391 391 392
392 392 393
393 393 394
394 394 395
395 395 396
396 396 397
397 397 398
398 398 399
399 399 400
400 400 401
401 401 402
402 402 403
403 403 404
404 404 405
405 405 406
406 406 407
407 407 408
408 408 409
409 409 410
410 410 411
411 411 412
412 412 413
413 413 414
414 414 415
415 415 416
416 416 417
417 417 418
418 418 419
419 419 420
420 420 421
421 421 422
422 422 423
423 423 424
424 424 425
425 425 426
426 426 427
427 427 428
428 428 429
429 429 430
430 430 431
431 431 432
432 432 433
433 433 434
434 434 435
435 435 436
436 436 437
437 437 438
438 438 439
439 439 440
440 440 441
441 441 442
442 442 443
443 443 444
444 444 445
445 445 446
446 446 447
447 447 448
448 448 449
449 449 450
450 450 451
451 451 452
452 452 453
453 453 454
454 454 455
455 455 456
456 456 457
457 457 458
458 458 459
459 459 460
460 460 461
461 461 462
462 462 463
463 463 464
464 464 465
465 465 466
466 466 467
467 467 468
468 468 469
469 469 470
470 470 471
471 471 472
472 472 473
473 473 474
474 474 475
475 475 476
476 476 477
477 477 478
478 478 479
479 479 480
480 480 481
481 481 482
482 482 483
483 483 484
484 484 485
485 485 486
486 486 487
487 487 488
488 488 489
489 489 490
490 490 491
491 491 492
492 492 493
493 493 494
494 494 495
495 495 496
496 496 497
497 497 498
498 498 499
499 499 500
500 500 501
501 501 502
502 502 503
503 503 504
504 504 505
505 505 506
506 506 507
507 507 1


